[gd_scene load_steps=3 format=2]

[ext_resource path="res://FPS.tscn" type="PackedScene" id=1]
[ext_resource path="res://CoinGold.tscn" type="PackedScene" id=2]

[node name="Room" type="Spatial"]

[node name="CSGBox" type="CSGBox" parent="."]
transform = Transform( 1, 0, 0, 0, 1, 0, 0, 0, 1, 0.00132632, -0.0316588, 0.00782204 )
use_collision = true
invert_faces = true
height = 5.0
depth = 20.0

[node name="FPS" parent="CSGBox" instance=ExtResource( 1 )]
transform = Transform( 1, 0, 0, 0, 1, 0, 0, 0, 1, 0, 0, 5.88518 )

[node name="CoinGold" parent="." instance=ExtResource( 2 )]
transform = Transform( -0.52929, 0, 0.848441, 0, 1, 0, -0.848441, 0, -0.52929, 0, -2.10489, -6.13436 )

[node name="CoinGold2" parent="." instance=ExtResource( 2 )]
transform = Transform( -0.52929, 0, 0.848441, 0, 1, 0, -0.848441, 0, -0.52929, -0.00111675, -2.12012, -6.86384 )

[node name="CoinGold3" parent="." instance=ExtResource( 2 )]
transform = Transform( -0.52929, 0, 0.848441, 0, 1, 0, -0.848441, 0, -0.52929, 0, -2.10489, -7.67767 )

[node name="CoinGold4" parent="." instance=ExtResource( 2 )]
transform = Transform( -0.52929, 0, 0.848441, 0, 1, 0, -0.848441, 0, -0.52929, 0, -2.10489, -8.62769 )

[node name="CoinGold5" parent="." instance=ExtResource( 2 )]
transform = Transform( -0.52929, 0, 0.848441, 0, 1, 0, -0.848441, 0, -0.52929, 0, -2.10489, -5.36756 )
